   3.6100000e+02
   2.9900000e+02
   1.4200000e+02
   4.9200000e+02
   8.7300000e+02
   1.0530000e+03
   6.0700000e+02
   4.9700000e+02
   7.2200000e+02
   5.8400000e+02
   7.0100000e+02
   1.8690000e+03
   3.1950000e+03
   3.3600000e+03
   5.7590000e+03
   5.8680000e+03
   4.6050000e+03
   3.3940000e+03
   2.3590000e+03
   2.1680000e+03
   3.2720000e+03
   4.6970000e+03
   6.9500000e+03
   5.1000000e+03
   6.9750000e+03
   6.5170000e+03
   9.0140000e+03
   1.0535000e+04
   1.4833000e+04
   1.9171000e+04
