-471.3
-471.99
-474.97
-476.16
-475.13
-473.36
-473.39
-475.5
-476.6
-476.15
-475.64
-476.04
-477.11
-477.28
-477.44
-477.55
-477.19
-476.47
-476.8
-477.53
-477.19
-477.13
-477.57
-478.08
-478.64
-478.7
-478.05
-477.65
-477.7
-476.81
-477.55
-480.73
-482.44
-482.31
-481.61
-481.29
-480.21
-479.69
-480.11
-480.59
-479.97
-479.8
-479.64
-479.31
-479.02
-479.59
-479.77
-479.71
-479.32
-478.54
-477.96
-478.57
-479.25
-479.6
-479.96
-481.49
-482.13
-481.9
-481.93
-482.63
-483.25
-481.91
-480.82
-480.03
-479.41
-478.92
-480.24
-481.08
-481.12
-480.35
-478.99
-478.58
-478.23
-477.85
-478.45
-480.15
-480.39
-479.29
-480.45
-482.64
-484.24
-483.15
-481.65
-481.2
-481.13
-480.84
-480.11
-479.7
-480.77
-481.92
-482.63
-483.1
-483.34
-482.52
-481.32
-480.54
-481.09
-479.87
-479.92
-481
-481.87
-481.24
-481.81
-482.17
-482.63
-482.74
-481.92
-480.79
-480.87
-482.07
