-460.5
-460.79
-462.52
-461.33
-466.12
-466.84
-461.99
-461.9
-460.93
-457.04
-458.47
-460.73
-459.03
-456.17
-455.04
-458.77
-461.84
-459.68
-459.01
-463.5
-463.4
-461.67
-463.47
-462.32
-461.47
-462.88
-463.08
-462.55
-465.44
-467.44
-466.11
-465.23
-464.68
-466.01
-466.46
-465.52
-467.58
-470.32
-471.45
-473.15
-471.28
-470.9
-471.28
-470.33
-473.32
-472.82
-471.87
-473.63
-475.31
-474.45
-471.92
-470.68
-471.84
-470.41
-469.9
-472.65
-473.2
-473.2
-470.04
-467.04
-467.11
-470.73
-474.74
-476.26
-475.65
-472.58
-470.13
-471.6
-472.75
-470.64
-469.46
-466.25
-464.35
-467.18
-468.45
-467.94
-466.8
-467.46
-469.03
-466.85
-467.55
-472.28
-472.81
-470.52
-467.02
-465.29
-459.04
-457.81
-464.6
-468.3
-469.25
-469.38
-466.97
-465.41
-467.16
-467.27
-466.8
-466.44
-466.53
-467.23
-465.31
-464.19
-465.87
-467.15
-466.26
-466.89
-469.22
-469.8
-469.26
-467.91
-466.7
-467.84
-468.65
-468.25
-469.61
-471.51
-472.21
-472.24
-471.6
-470.4
-468.54
-468.83
-469.84
-470.42
-472.72
-473.3
-472.57
-474.66
-474
-471.34
-471.66
-474.96
-474.47
-473.17
-473.55
-471.73
-469.58
-470.3
-472.49
-474.27
-474.41
-473.15
-473.18
-474.87
-474.65
-474.43
-476.46
-478.47
-478.24
-477.81
-477.7
-476.4
-475.45
-475.18
-474.04
-474.18
-478.41
-480.78
-479.21
-480.62
-481.93
-479.4
-475.38
-473.49
-473.47
-474.12
-476.23
-476.71
-472.11
-470.94
-476.22
-478.29
-475.26
-474.83
-476.36
-475.6
-474.07
-474.03
-474.62
-473.43
-472.31
-472.9
-470.41
-465.78
-468.28
-470.73
-467.9
-466.09
-466.99
-468.21
-468.44
-468.52
-469.3
-468.31
-466.17
-465.75
-465.5
-466.58
-465.3
-461.46
-462.64
-466.92
-464.4
-460.98
-462.03
-462.31
-460.65
-463.63
-464.35
-463.05
-463.26
-463.8
-467.4
-471.64
-471.22
-467.85
-467.2
-470.93
-472.59
-472.23
-472.81
-473.9
-472.47
-470.96
-473.69
-475.69
-474.99
-474.35
-472.45
-468.02
-466.92
-468.89
-469.5
-469.89
-470.2
-469.92
-468.89
-468.3
-469.35
-471.3
