12.185
14.142
13.343
12.745
13.964
12.151
13.769
18.289
15.694
11.312
11.691
17.302
20.733
15.958
19.471
13.383
11.208
16.484
11.956
20.585
22.377
14.403
17.615
14.478
22.58
27.211
29.037
19.73
21.506
18.756
31.187
36.339
40.272
43.008
36.023
39.764
46.011
56.769
57.737
50.347
51.63
52.64
49.966
57.444
41.997
56.65
45.978
47.33
58.682
66.348
64.119
55.709
54.726
57.951
51.079
52.501
43.362
45.553
47.063
48.696
52.725
54.47
59.286
57.371
66.379
56.622
56.652
47.626
44.583
43.546
45.021
39.422
52.532
42.555
53.876
46.198
51.77
50.891
71.398
63.84
73.206
77.715
70.913
72.908
70.014
73.288
68.34
54.73
47.669
20.298
20.37
27.376
39.42
44.887
46.155
41.658
32.114
49.494
55.06
59.721
63.907
67.581
61.909
55.188
48.698
19.517
20.621
18.307
14.161
17.631
17.034
17.484
17.772
14.462
12.819
10.036
12.807
14.855
18.265
22.211
19.416
25.806
33.427
24.678
26.487
24.101
36.068
26.132
29.199
24.506
26.952
26.453
22.486
26.932
30.342
33.539
36.675
36.211
43.724
47.684
36.432
46.488
34.926
47.46
47.16
46.861
48.706
46.643
50.136
53.044
51.771
50.55
45.909
41.96
44.809
36.003
53.257
20.206
41.968
34.217
38.148
34.488
33.343
23.322
12.32
19.534
11.38
19.164
25.157
28.65
27.092
25.367
23.981
20.407
18.983
14.617
10.771
7.6827
5.9902
4.7051
3.1334
0.87425
1.2069
2.8629
4.5827
10.519
19.077
