   5.0200000e+02
   5.7000000e+02
   6.7300000e+02
   9.8800000e+02
   1.9490000e+03
   1.9860000e+03
   1.2890000e+03
   1.4870000e+03
   1.8860000e+03
   2.3270000e+03
   2.4520000e+03
   4.7390000e+03
   7.2440000e+03
   7.6120000e+03
   7.2570000e+03
   7.8850000e+03
   4.4000000e+03
   3.3100000e+03
   4.9270000e+03
   5.1740000e+03
   7.6270000e+03
   3.8060000e+03
   6.2030000e+03
   6.5200000e+03
   8.5470000e+03
   1.3906000e+04
   1.0657000e+04
   8.4170000e+03
   9.7780000e+03
   1.4650000e+04
   1.2900000e+04
   4.2150000e+03
   6.5500000e+03
   9.1970000e+03
   1.4395000e+04
   1.1275000e+04
   1.6983000e+04
   3.1451000e+04
   2.2556000e+04
   2.0567000e+04
   9.0350000e+03
   2.5160000e+03
   1.7470000e+03
   2.1930000e+03
   2.8510000e+03
   1.0276000e+04
   1.6463000e+04
   2.3269000e+04
   2.2045000e+04
   2.2405000e+04
