   4.0000000e+01
   2.9000000e+01
   5.8000000e+01
   1.0600000e+02
   1.7600000e+02
   2.3300000e+02
   4.7300000e+02
   4.7600000e+02
   8.6400000e+02
   1.1090000e+03
   7.2800000e+02
   6.1900000e+02
   5.6500000e+02
   1.6220000e+03
   9.5200000e+02
   8.2900000e+02
   5.6000000e+02
   8.3700000e+02
   1.1320000e+03
   1.1650000e+03
   1.1880000e+03
   7.1500000e+02
   6.9500000e+02
   1.1910000e+03
   1.6330000e+03
   1.3480000e+03
   2.1130000e+03
   2.1330000e+03
   1.9850000e+03
   1.0490000e+03
   9.2900000e+02
   5.2200000e+02
   4.9000000e+02
   4.4700000e+02
   8.1200000e+02
   6.9800000e+02
   1.3090000e+03
   9.0700000e+02
   7.9100000e+02
   8.7400000e+02
   5.7100000e+02
   7.4900000e+02
   3.9400000e+02
   6.3000000e+02
   8.9100000e+02
   2.2700000e+02
   1.0250000e+03
   1.2150000e+03
   1.4310000e+03
   2.4270000e+03
   1.5770000e+03
   2.4010000e+03
   2.8120000e+03
   2.5510000e+03
   2.0070000e+03
   1.8680000e+03
   3.1090000e+03
   4.5840000e+03
   4.7270000e+03
   6.6070000e+03
