   8.3000000e+01
   5.7000000e+01
   1.0400000e+02
   2.5100000e+02
   1.0400000e+02
   4.7000000e+01
   1.2800000e+02
   1.4000000e+02
   1.5000000e+02
   1.6300000e+02
   1.9000000e+02
   3.7800000e+02
   7.3000000e+02
   7.9700000e+02
   1.0960000e+03
   1.1110000e+03
   1.1930000e+03
   5.9700000e+02
   1.1360000e+03
   1.2970000e+03
   9.6100000e+02
   8.3600000e+02
   1.0900000e+03
   1.0110000e+03
   1.0770000e+03
   1.5870000e+03
   1.6800000e+03
   1.5910000e+03
   2.1080000e+03
   2.3350000e+03
   1.6770000e+03
   5.6500000e+02
   9.2400000e+02
   1.9870000e+03
   2.2070000e+03
   2.3230000e+03
   5.7150000e+03
   7.4860000e+03
   5.5820000e+03
   4.8670000e+03
   3.7440000e+03
   4.9510000e+03
   4.8680000e+03
   5.5760000e+03
   2.6080000e+03
   2.1120000e+03
   4.6180000e+03
   9.2080000e+03
   1.1225000e+04
   7.6440000e+03
   1.0391000e+04
   2.0795000e+04
   8.5720000e+03
   1.0058000e+04
   1.7936000e+04
   1.6665000e+04
   1.6055000e+04
   2.0911000e+04
   2.0549000e+04
   1.9157000e+04
